83         ABDA                539338.31             260790.85             
174        ABONY               722590.45             205391.42             
78         ALMASFUZITO         591893.11             264450.11             
11         BAJA                642646.93             92551.00              
61         BAK                 482168.98             156458.28             
152        BALASSAGYARMAT      668315.04             303838.01             
60         BALATONSZENTGYORGY  519354.81             149766.32             
147        BANREVE             746600.16             328926.07             
44         BARCS               526858.87             69540.42              
54         BATASZEK            624989.86             94869.30              
150        BATONYTERENYE       708004.04             296165.07             
102        BEKESCSABA          806346.37             151062.52             
115        BERETTYOUJFALU      838078.70             212741.54             
128        BODROGKERESZTUR     820994.52             317198.71             
86         BOGLARLELLE         546852.88             161187.32             
57         BOHONYE             522209.39             119404.40             
15         BONYHAD             610179.57             106151.24             
191        BUDAORS             643577.12             234267.11             
218        BUDAPEST            649357.46             240458.81             
48         CECE                618134.48             158576.39             
157        CEGLED              708009.71             206097.81             
158        CEGLED2             706769.39             203149.42             
161        CSERKESZOLO         735996.36             170187.28             
31         CSOPAK              564325.38             182719.46             
75         CSORNA              515195.46             253599.42             
215        CSORNA2             514465.71             253495.60             
120        DABAS               670060.31             204403.25             
166        DABAS2              671441.81             205451.80             
105        DEBRECEN            844065.84             246010.13             
167        DEBRECEN2           845356.56             247715.88             
168        DEBRECEN3           842871.99             247416.96             
10         DOMBOVAR            579869.60             116071.27             
155        DORMAND             752853.22             265144.03             
17         DOROG               626084.36             264055.32             
14         DUNAFOLDVAR         639442.52             163218.16             
179        DUNAKESZI           656118.52             254151.78             
39         DUNAUJVAROS         639753.17             181885.30             
213        ECSERIUT            654754.82             236344.10             
64         EDERICS             523060.93             163043.22             
97         EGER                749877.21             285050.30             
143        ENCS                803844.60             333961.41             
202        ERD2                639397.18             223604.36             
3          ESZTERGOM           627022.71             271482.34             
123        FEHERGYARMAT        908947.14             299262.68             
144        FELSOZSOLCA         784911.24             309567.17             
59         FENEKPUSZTA         513013.61             152594.87             
182        FERTOD              487641.14             255058.58             
183        FERTODENDRED        489804.36             252606.25             
49         FONYOD              534305.71             155473.00             
171        FOT                 660985.51             251757.27             
192        FOT2                656986.75             246604.20             
154        FUZESABONY          750386.94             270167.06             
29         FUZFO               573134.31             192236.96             
178        GOD                 656664.16             262621.44             
170        GODOLLO             671542.94             252362.86             
180        GYAL                662660.52             226410.12             
142        GYOMAENDROD         781440.51             178083.17             
90         GYONGYOS            716078.23             270528.64             
4          GYOR                543964.93             260963.66             
88         GYULA               820371.90             146786.12             
207        H-11                649622.74             244089.04             
214        H-2                 651480.46             243240.45             
205        H-3                 654579.80             239631.68             
204        H-4                 653847.42             236852.33             
203        H-5                 652086.79             236150.65             
201        H-6                 650456.89             236293.51             
206        H-M3                653130.24             241691.05             
104        HAJDUBOSZORMENY     834740.42             262021.88             
131        HAJDUNANAS          828262.93             280961.44             
132        HAJDUSZOBOSZLO      826553.23             235970.52             
55         HARKANY             587082.22             56213.00              
96         HATVAN              697893.60             258346.11             
26         HEGYESHALOM         508580.61             287421.16             
70         HEGYFALU            487616.79             226366.33             
184        HEVIZ               507510.20             162304.01             
137        HODMEZOVASARHELY    747742.71             119747.45             
66         JANOSHAZA           504854.67             198783.47             
95         JASZBERENY          715821.45             240121.81             
91         KALOCSA             645300.14             132205.02             
73         KAM                 485519.07             197507.62             
9          KAPOSVAR            553161.09             113270.04             
23         KAPUVAR             497987.70             251918.19             
89         KARCAG              793084.36             219856.57             
146        KAZINCBARCIKA       768688.89             324531.87             
93         KECSKEMET           699414.40             174125.06             
135        KENDERES            773131.23             212688.17             
156        KERECSEND           746704.63             273098.02             
36         KESZTHELY           512202.09             159916.78             
27         KISBER              573406.74             240524.18             
108        KISKOROS            668169.65             141875.40             
162        KISKUNFELEGYHAZA    711384.70             151541.11             
92         KISKUNHALAS         683463.58             121587.73             
199        KISPEST             657584.18             232176.35             
139        KISSZALLAS          687355.86             103198.81             
113        KISVARDA            874083.67             325503.37             
18         KOMAROM             580381.89             267091.01             
20         KORMEND             464364.67             188172.07             
220        KORMEND2            465252.00             189138.90             
24         KOSZEG              461899.11             229443.02             
200        KOSZTOLANYI         649534.06             236813.17             
134        KUNMADARAS          781870.80             233128.52             
160        KUNSZENTMARTON      743899.79             168014.56             
51         LENTI               457408.96             145201.25             
52         LETENYE             471302.21             123713.18             
68         LITER               569160.70             197116.62             
197        M0-5                656580.80             225826.13             
196        M0-6                647199.36             228332.28             
195        M0-7                643384.95             229900.14             
193        M0-M1               637416.80             235388.60             
198        M0-M5               658992.25             228216.73             
194        M0-M7               638525.40             231979.77             
80         M1-BICSKE           614956.90             238945.64             
84         M1-GYOR             547133.06             263967.03             
76         M1-KOMAROM          578205.23             259488.34             
79         M1-TATA             594950.85             253714.44             
221        M3-GYONGYOS         710347.40             264806.28             
210        M3-HATVAN           696425.30             260168.08             
212        M5-5                692787.98             183118.45             
65         M7-ALIGA            584605.40             183397.22             
30         M7-ERD              637461.78             230163.68             
69         M7-POLGARDI         592867.19             188890.73             
40         M7-SIOFOK           573912.58             173949.31             
189        M7-SZF2             607047.14             203934.88             
190        M7-SZF3             603803.20             200727.35             
87         MAKO                760173.27             97741.76              
42         MARCALI             524663.92             138929.34             
122        MATESZALKA          894224.51             294023.57             
141        MEZOBERENY          801126.58             166551.27             
110        MEZOKOVESD          763485.77             274686.30             
106        MISKOLC             779403.64             308041.91             
33         MOHACS              621570.56             72386.91              
165        MONOR               678251.22             222305.57             
28         MOR                 586651.81             225702.76             
138        MORAHALOM           714954.08             97257.75              
85         MOSONMAGYAROVAR     517420.43             280863.97             
58         MOZS                624577.09             117891.09             
62         NADASD              465238.96             185432.14             
45         NAGYATAD            519632.56             99784.35              
53         NAGYBAJOM           531711.17             118176.77             
74         NAGYCENK            472402.28             255291.52             
8          NAGYKANIZSA         492072.28             125480.01             
169        NAGYKATA            703097.18             230194.77             
118        NAGYMAROS           643342.50             271730.23             
149        NYEKLADHAZA         783119.88             295264.49             
116        NYIRBATOR           880269.91             281695.39             
107        NYIREGYHAZA         849226.54             293624.23             
101        OROSHAZA            774427.15             136203.98             
186        OROSZLANY           594626.28             238272.61             
41         PAKS                636276.96             142581.16             
22         PAPA                530214.02             222244.47             
112        PASZTO              697603.03             286942.54             
1          PECS                589087.85             82208.69              
216        PECS2               587168.28             81385.18              
164        PILIS               687166.63             216384.27             
153        POLGAR              805317.79             282373.18             
208        POMAZ               651541.22             255401.82             
133        PUSPOKLADANY        804537.20             222671.47             
125        RAKAMAZ             830987.21             311067.18             
111        RETSAG              656717.35             287225.71             
145        SAJOSZENTPETER      773229.90             320930.62             
94         SALGOTARJAN         706538.76             306844.00             
16         SARBOGARD           617498.07             171321.00             
50         SARMELLEK           504165.65             155912.69             
126        SAROSPATAK          836083.83             334848.01             
19         SARVAR              490354.73             214546.52             
56         SASD                577419.24             101367.54             
127        SATORALJAUJHELY     843336.79             342731.58             
34         SIKLOS              591933.33             57019.58              
63         SIMONTORNYA         611536.84             157207.42             
82         SIOAGARD            621517.20             114720.96             
173        SOLT                646744.58             162477.30             
219        SOLT2               649507.70             161501.06             
121        SOLTVADKERT         676388.08             137455.91             
163        SOLTVADKERT2        673181.74             137995.08             
37         SOLYMAR             641974.40             250188.57             
13         SOPRON              465765.14             263355.56             
181        SOROKSAR            655182.40             227943.55             
140        SUKOSD              645863.51             105036.87             
21         SUMEG               515722.74             183028.14             
103        SZARVAS             766914.22             168735.51             
100        SZEGED              734484.04             102164.40             
114        SZEGHALOM           810935.34             188094.70             
6          SZEKESFEHERVAR      602568.37             205455.14             
12         SZEKSZARD           627157.51             109632.97             
187        SZEKSZARD2          624025.07             114668.54             
32         SZENTENDRE          652309.15             258447.32             
99         SZENTES             742676.76             146040.95             
38         SZENTGOTTHARD       438970.33             182497.10             
129        SZERENCS            810705.79             315245.28             
188        SZF1                602078.46             206244.96             
46         SZIGETVAR           554479.54             79007.32              
98         SZOLNOK             736289.57             204281.44             
159        SZOLNOK2            737611.62             202949.73             
72         SZOMBATHELY         466118.48             212588.14             
43         TAMASI              591644.30             143076.04             
148        TARNALELESZ         735105.46             302618.64             
77         TAT                 620387.32             266324.74             
2          TATABANYA           603222.85             248363.31             
109        TISZAFURED          778872.18             253763.23             
124        TISZALOK            823437.91             299174.48             
130        TISZAVASVARI        823309.48             292336.61             
81         TOROKBALINT         640215.81             234179.03             
136        TOROKSZENTMIKLOS    753722.70             204944.06             
211        UJHARTYAN           677088.35             208653.60             
209        UROM                646446.94             248856.72             
177        VAC                 656275.13             270778.38             
176        VAC2                653496.57             274750.22             
67         VAROSLOD            544323.56             201961.84             
35         VARPALOTA           581389.66             206436.45             
117        VASAROSNAMENY       893206.40             313175.74             
47         VASVAR              479173.71             192124.60             
71         VAT                 479616.77             218163.52             
172        VERESEGYHAZ         667886.98             257105.47             
175        VEROCE              648623.88             275432.85             
7          VESZPREM            563779.18             194742.32             
217        VESZPREM2           565362.06             195604.97             
151        ZAGYVAPALFALVA      704889.56             302700.19             
119        ZAHONY              881485.50             345386.15             
5          ZALAEGERSZEG        482136.55             169131.70             
185        ZAMARDI             566549.00             171394.26             
25         ZIRC                561082.79             213937.09             