445387 156623
446083 155426
445149 154649
448669 153692
449642 153428
449530 152799
448929 149454
447360 149675
446923 149736
446852 148736
446713 146751
447245 146223
449099 144385
450771 144100
453346 139092
455400 138826
455753 137494
457364 131405
458533 130828
460039 130126
461039 129661
463599 128364
466599 126845
467663 125293
469237 122293
470969 118993
472513 119470
473726 117681
474047 117503
476350 118321
477551 117147
478165 116546
479165 116745
479536 116820
480166 116466
480502 115754
481099 114488
482449 111317
482778 110545
483336 106533
484478 104736
485323 104082
488539 101597
488772 101641
489551 101790
489919 101207
490180 99742
492180 99505
492476 99471
494741 98061
495678 97478
496187 97222
497156 96248
497452 96000
498328 95394
498806 95776
502161 93323
502672 93839
503240 93675
504054 93441
504604 92441
504866 91967
505683 91295
505635 90048
505494 86364
507494 86826
508376 87030
508219 86621
507795 85519
509629 85389
509003 84389
508526 83626
507402 83696
507214 83089
509515 83346
510977 81544
510558 81206
509574 81776
509278 81335
510294 80835
511534 80787
512391 80754
511407 79522
511232 78401
511127 77732
514133 77882
514052 76898
511336 75930
513320 74397
514912 74617
514855 74251
514753 73587
514545 73587
514336 72533
515180 72251
515401 73085
516374 72956
515809 71654
515142 71192
515503 70552
516352 70590
517401 72455
516670 73316
517445 73756
517620 73374
518482 71492
519084 71519
519407 73202
520176 73062
520257 72282
519014 70261
520606 70029
521385 70212
521127 69330
518418 69638
517862 69349
518140 67984
519251 67860
520293 68522
521164 67975
521298 66604
524880 66184
524928 66866
524097 67943
524704 68563
525920 68604
526920 68154
528000 67670
531138 67268
532678 66601
534244 67017
535244 66668
536031 66394
536647 65801
537885 64607
538516 64000
540109 61879
540717 59865
541018 58865
541590 56972
542973 55406
544406 55826
547912 54845
548531 54672
549909 52717
553020 51961
553954 51734
554708 52457
555360 52100
555971 49862
557004 49377
557251 48164
558333 47701
559298 48706
560820 50290
562354 50362
564086 50443
567555 50606
568120 50632
570618 49328
573371 47891
574888 47099
576890 47896
576955 47986
578099 49573
578329 49893
579508 49753
580152 49520
580571 49434
581770 48310
583148 49634
583481 49532
586366 48654
586720 48029
587185 47210
587492 46668
590318 46067
591719 45746
595001 44992
596624 47314
596969 47808
599349 45799
599484 45543
599479 44585
603331 43841
603138 46403
604121 47394
606099 46950
606670 49750
607430 50166
609193 48765
610193 49544
613048 51770
615587 53750
615919 54515
616751 56430
617350 57809
619615 58922
619055 59779
618545 60559
620142 61290
620020 63558
623420 63771
623622 63482
624000 62941
625024 62040
626635 61668
627875 60413
629221 60002
629933 59223
631584 59353
631757 61017
631441 61994
631729 62531
631960 62808
632192 63084
632538 63194
632960 62164
636116 62861
635826 63336
635826 63838
636658 63336
637529 63889
639195 65604
641334 65064
643392 64478
647076 64276
646180 66773
646789 68106
647710 68428
648710 68777
648823 68817
650476 69322
652480 68707
651570 73433
654442 77050
656937 76797
657156 75539
657713 73667
657765 72267
662135 71893
664709 72168
668512 72376
669832 71860
668237 74462
674592 78589
675854 76832
679887 79613
680607 80504
682609 81829
682412 83374
684412 84415
685712 85092
686481 85762
687115 86314
685098 88586
685540 89018
686234 89694
687065 89232
689648 91354
690211 92688
693377 92147
695202 91835
697461 93975
699150 92864
700207 93655
701592 92373
702331 91739
703690 90945
704877 89386
709456 87150
709586 87329
712271 89683
714298 90416
717224 91474
718664 92806
722215 92578
725239 92522
725870 89696
726332 89260
726939 89180
728485 89208
728642 89152
731035 92781
731418 92952
731444 92358
731694 91275
734240 89318
735125 89555
735267 89852
737688 91071
739068 89378
739864 88402
741711 87186
742887 87871
743164 87356
742978 86841
743453 86365
744150 87259
745304 88740
746626 90284
747524 90850
747840 90230
751051 92405
752119 90542
754020 91042
754997 90645
758693 89374
761904 92870
762302 94731
762718 94576
764361 93963
765892 93407
766892 92633
768612 91303
769428 90671
770510 90076
771974 88715
772409 88120
772858 88040
773347 88277
773638 88502
773903 89492
774207 90231
774472 90640
774947 90613
775620 90454
776214 90057
776610 90110
777099 90400
777325 91071
777484 91639
777688 91749
778317 92087
778796 92664
779044 93664
779750 96501
779906 97130
781364 101988
783268 104799
784258 104586
790744 106349
792129 104591
794663 103638
794757 105209
796501 105591
797159 103754
799919 103448
801919 104088
802468 104264
803391 102230
805701 101831
808490 104192
809247 108430
811756 108203
813565 108122
813675 108286
814252 108808
813725 110406
813873 112334
814929 112690
815187 115658
815231 116166
816000 119952
817032 120975
822109 120153
824390 125504
823456 127094
822734 128321
819980 131037
822024 135825
822971 137977
824238 140230
824371 142582
824542 145582
831014 144656
834258 149162
832265 152763
837064 152039
839683 156203
836185 160146
836518 160844
836863 162449
838720 165457
838595 167932
838720 168898
840484 170548
844583 171794
845546 174711
844496 176800
844718 179560
847185 179841
849486 181832
850780 184072
850156 185257
850649 187506
850024 189417
848484 189839
847811 191932
850278 192374
850690 193269
852998 198269
855351 198860
858203 199576
859387 204633
859926 206939
862900 208568
862100 212348
861903 213276
863338 217037
864862 221030
865995 224000
866170 224497
867222 226126
867339 227147
868219 228449
868347 229481
869292 229951
870135 230369
872128 230576
872489 230576
872908 230114
873806 230013
874837 232643
875467 234250
875102 238441
874156 238789
873084 241582
873661 244501
874196 245511
874629 246329
875688 248329
876941 247197
877628 248191
876337 249168
878119 250933
879098 250461
879098 250461
880158 251859
880595 252435
881672 255037
882494 255059
883494 254641
884864 254497
885708 256000
886112 256528
886709 259582
887005 261556
887677 261477
888335 262296
888712 265650
889383 266141
890602 266177
890993 266549
891251 270242
892735 270096
893823 270970
895170 271704
895054 274246
896022 274206
896783 273569
898058 272503
899752 272358
900971 272453
902100 272397
902203 271946
903633 271837
903317 273330
903696 274288
904277 277172
904521 278384
904601 278783
905584 279001
906783 279610
907151 279796
907739 279319
908287 278875
911625 276784
912000 276287
912431 275774
917087 275920
917400 276503
917992 276437
918283 276406
919011 276954
919533 276817
920179 277049
920810 277276
921259 277757
922140 277902
924012 282662
924211 283168
924978 283635
925746 283491
926420 283364
927624 283500
928270 284246
928878 284239
929075 285402
928665 286512
927943 286798
928153 288000
928245 288318
927535 289220
927453 289950
927931 290069
928762 289964
930032 289804
932661 291845
933419 291846
933993 291847
934218 292191
934432 292578
934571 292982
934689 293299
935086 293504
935268 293950
935278 294261
935745 294671
935696 294944
935948 295471
936205 295902
936505 295983
936645 296235
936612 296563
936875 296795
937165 296865
937423 296908
937443 297236
937464 297494
937099 297456
937120 297907
937130 298278
936979 298697
936630 298545
936340 298373
936050 298577
935727 298582
935587 298882
935656 299274
935366 299623
935075 299735
935049 299424
934855 299633
934597 299880
934296 299863
934097 300083
933817 300211
933527 300200
933398 300442
933333 300710
932973 300967
933004 301220
933256 301629
933584 301839
933502 302150
933701 302371
933931 302661
934232 303011
934731 303361
934762 304092
934992 304613
935281 304882
935746 306253
935592 308257
935152 308235
934975 307966
934604 308212
934410 308593
934302 309114
934102 309393
934182 309646
934187 310006
934170 310355
933918 310483
933729 310795
933428 310923
933175 311224
932906 311352
932477 310959
932289 311201
932444 311512
932154 311641
932056 312011
932056 312361
931733 312478
931496 312730
931474 313112
931570 313380
931704 313660
931601 314278
931439 314713
931202 314949
930869 315072
930520 315039
930263 314770
930129 314318
929963 313947
929779 313810
929593 313807
929474 313909
929463 314247
929559 314564
929768 314849
929710 315134
929553 315258
929310 315340
929058 315246
928871 314977
928651 314826
928199 314916
927839 315163
927597 315286
927339 315313
927108 315194
927098 314931
927270 314673
927529 314475
927679 314266
927502 314023
927154 313872
926799 313931
926642 314264
926599 314403
926507 314742
926308 314919
926066 315052
925787 315100
925529 314998
925239 314788
924879 314927
924487 314948
924278 314716
924160 314469
923908 314356
923661 314425
923397 314409
922952 313967
922711 313843
922378 313827
922179 313606
922013 313364
921611 312960
920763 312320
920452 311921
920141 311727
919582 311630
919244 311747
918975 311940
918631 311967
918260 311907
917943 311955
917272 311954
916971 312023
916712 312286
916513 312516
916282 312785
916051 312913
915712 312784
915358 312654
914982 312632
914509 312819
914251 313071
913778 313097
913879 313549
913997 313850
914260 314011
914308 314259
914119 314478
913915 314698
913774 315069
913935 315289
913934 315789
914095 316203
913654 316578
913503 316782
913674 317078
914072 317122
914211 317380
913759 317852
913452 317932
912801 318758
912479 318661
912419 318956
912316 319348
912000 319630
911840 320000
911681 320610
911275 321190
911796 321643
911861 322908
911242 322954
910719 323264
909252 324378
908719 324467
908352 324853
908076 325347
907456 325872
907513 326464
907531 327309
906600 327494
906673 328037
906090 328675
905529 329093
904252 328239
903984 327813
903211 327573
902769 327808
902170 328237
901696 328455
901174 328567
900357 328230
900081 328447
898964 328268
898696 327815
898494 327347
898005 326985
897295 327170
896792 327900
896418 328738
896277 329059
896103 329458
895190 330638
894316 331318
894432 331899
894187 332636
894006 333711
893913 334248
893572 334871
893060 335128
892665 335600
892265 336158
892022 336598
892353 337261
892366 338138
892426 339461
891032 339505
890407 339814
888604 340212
888031 341000
887678 341758
887294 342348
886723 342669
886549 343184
887092 343380
887559 343651
887831 344152
888001 344658
888167 345154
888132 345686
887153 345715
886444 345529
885733 345726
884988 346407
884454 347034
883813 347225
883072 346830
882541 346328
881747 345846
881323 345709
880323 345389
880044 345055
880026 344006
879587 343585
878437 343269
878611 342559
878823 342076
878021 341998
877430 341823
876870 341999
876313 341481
875742 341538
875153 340815
874957 341411
874335 342533
874046 342091
873223 342018
873004 341458
872304 341827
871662 342255
871058 342753
870567 343079
870408 342557
870177 342464
869177 342063
868647 341491
868212 341210
867706 341229
867050 341297
866528 341451
865845 341390
865006 341258
864674 340788
864163 340792
863811 340270
863296 339971
863388 339308
862612 339644
862144 340102
861487 339612
861075 339993
861129 339354
860460 339473
860692 340032
860189 339920
860085 339247
860037 339270
859487 339105
859370 338535
858911 338945
858469 338607
858315 339381
857732 339547
857110 339381
856543 339101
856578 338486
856709 337730
856654 337116
856443 336582
856580 336044
855913 335977
855224 335763
855357 336318
854529 336442
853931 336891
853394 336715
852769 336495
852444 336651
851778 336495
851369 336470
850771 337139
849873 337491
848464 337299
847972 337809
847426 338206
847497 338716
847418 339359
846934 339227
846723 339694
846882 340345
846442 341120
845535 341411
845157 342036
844021 341993
844039 342618
843872 343102
843882 344343
843283 344722
842633 346342
842149 347187
841885 347671
841340 348041
840997 348411
841015 349265
840276 350093
840346 350903
840160 352994
839756 353584
839326 355010
838806 354843
838102 355213
837548 355046
836940 354325
835902 354511
835743 354995
834344 354626
834212 355225
833596 355595
833113 356344
832445 357805
832464 358536
832472 358844
831655 359733
831126 359690
831126 359690
831074 360235
830458 360130
829921 360491
829094 360730
827986 361866
827405 361769
826491 362897
825698 362695
825302 362167
825204 361437
825063 360161
824235 359985
823725 360461
823465 360391
822717 360090
822317 359943
821700 359855
819280 359892
818030 359585
818192 360141
817615 360007
817375 359393
818109 359283
817617 359179
817221 358738
817680 358530
817517 358055
817039 357509
817351 357081
817162 356579
816707 356354
816634 355833
816338 355712
816112 355700
816000 355722
814205 356072
814047 355914
811938 357286
811398 357181
811398 356864
810620 357049
810171 356470
809631 356562
809578 355916
808734 355481
808615 355706
807666 354836
807033 355284
806176 355034
805504 354547
805206 354133
804765 353519
804105 352122
803788 351832
802628 351740
801442 352664
801667 353112
801706 353810
800889 354694
799295 355314
798240 354985
798214 355315
796684 355540
796526 355935
795353 356041
794615 355488
793678 355330
793626 354974
793098 354447
792479 355080
791859 354698
790976 354857
790989 356070
790212 356413
790001 356215
789896 356953
789487 356677
788947 358325
788235 358971
785203 357799
785031 358050
784544 357931
784370 358174
783384 359553
782975 359488
782646 359633
782659 359765
782963 360041
783068 360898
782303 360319
781948 360503
782304 361123
782027 361373
780564 360926
780498 360728
779483 360496
779060 360399
776306 360000
774578 359755
774578 359399
773997 359241
773839 359624
772627 359624
770596 358584
769937 358808
768553 358651
768091 357675
767708 358005
766192 357373
765915 356687
763660 356148
763634 355779
760760 356598
760417 355978
760100 354792
759125 355082
758716 355781
757609 355202
757555 353949
757885 352842
757673 350653
757963 350469
757053 350324
756763 350047
756525 349019
755826 348176
754889 347504
755179 347108
755205 346423
754599 345922
753926 345672
753570 345342
753267 344749
752488 343537
751644 342654
751354 341467
751762 340623
751643 340386
751589 340189
751260 338989
750508 338304
750706 338053
751167 337011
750336 335944
749149 334903
749294 334508
747961 332597
748317 332201
747829 331054
747235 330685
747169 330277
745824 329157
745494 328656
745533 327773
745125 327733
744900 326112
743595 326086
743515 325730
743832 325308
741920 324821
741617 325243
740865 325468
739983 326219
738295 326840
737676 326445
738137 325943
737609 324902
737161 324981
736805 324494
736435 324481
735961 324758
735789 324481
736171 323624
735869 323522
735196 323295
732230 323534
731531 324008
730766 323785
730634 323152
730937 322875
731122 322427
730739 321728
730673 320779
730343 320186
729723 319646
729156 319514
728206 318684
728338 318473
727900 318054
727151 317261
726584 317472
725793 316444
726491 316246
726610 316048
726122 315402
725291 315350
724737 314216
724157 314203
724065 314915
723406 314968
722997 315298
722206 315140
720228 314232
720017 313652
719872 313652
719371 313968
718884 313969
718118 312308
717274 312184
716206 310621
716219 310081
713991 309844
713806 309541
713510 309408
713735 310380
714110 310728
714413 311822
713847 312244
713188 313879
712134 313774
711923 314341
711132 314486
710486 314249
710156 314579
710288 314922
710091 315251
709774 315001
709721 314553
709233 314105
709128 313525
708389 313472
708166 313960
707731 314119
707071 313948
706834 313552
706530 313341
706675 313130
706438 312445
705568 312419
705304 312630
704764 313751
705265 314225
705200 314713
706294 316097
705992 316809
705807 317046
705557 316835
705056 316757
704990 317310
703975 318181
703619 318221
703184 318682
703237 318972
703013 319170
701932 319355
701062 319303
700627 318393
700323 318209
700389 317972
700099 317866
699427 317893
699018 317761
698583 318051
697911 318144
697832 318474
696975 319041
696923 319621
696633 319845
696673 320280
696304 322047
696001 322245
695395 322166
694946 321824
694419 321916
694419 322127
693366 323229
691653 322089
691193 321110
689313 319487
688920 319520
687734 318561
687212 318439
687066 318746
686660 318747
685704 317991
685513 317681
685724 316758
685550 316334
684891 315620
684434 315428
684066 314526
684402 313506
684519 312420
684227 311799
683199 311167
683065 310792
683122 308464
683045 307976
682938 307582
682669 307494
682434 306587
682766 306235
681822 305939
681373 306124
681062 305591
681350 304669
681076 304621
680715 305023
680327 305736
680647 305794
680562 306459
680257 306613
678945 306523
678746 306010
678206 305271
677574 305134
677375 305316
677010 305148
676518 304922
676423 304690
675442 305531
674958 305617
673775 305110
672921 305385
672800 305128
671118 305485
669944 304982
669331 305259
667521 304467
667247 303701
666911 303583
665957 303536
665584 303243
665024 302600
664863 302034
664772 301616
664621 301402
664414 301383
663738 301597
663222 302263
662205 302557
660585 302173
660016 302310
659075 302511
658347 302529
657560 302970
657264 303390
656374 303535
655807 303624
655367 302716
654639 302615
653368 303399
652883 303423
651823 302534
651309 302412
650968 301722
650863 301754
649970 302769
649118 302755
647962 303820
647252 303701
646236 302936
645794 302040
645857 301759
645146 301353
644978 301482
643535 301795
642243 301835
641175 301497
639909 301085
638525 301402
638051 301837
637826 300875
637101 300651
636033 300876
635625 300731
635018 301074
634491 300824
634385 300560
633884 300639
633700 299914
633410 300099
633185 299967
632992 299396
633412 298747
633422 298408
632835 297857
632705 296733
632948 296127
632915 295090
632727 294618
632154 293902
631743 293788
630747 293971
630092 293702
630000 293728
629828 294051
628850 293668
628480 293319
628160 292444
628486 291649
629164 291229
629678 290855
629830 290223
629830 290187
629544 290133
629403 289769
629493 289199
629639 288277
629288 287566
628665 286842
628262 286632
628213 286029
628636 285439
628636 285209
628349 284783
628496 284439
628237 284016
628281 283654
628952 282301
628869 282000
628860 281872
628793 280872
629352 280445
629851 280540
630424 280092
630748 280126
630990 280035
631188 279182
632469 278988
633113 278533
633185 277776
633547 276749
634142 276240
634640 276027
635210 276105
635210 276105
635387 276004
635186 275667
635036 275386
634766 274702
633026 274894
628879 275127
627072 274858
626395 274321
626334 273504
625943 271633
625589 271422
624589 270827
624000 270269
622514 269203
620359 268591
619699 268403
617533 268250
617118 268410
615237 269140
613494 269460
611922 269200
610679 268384
609779 268200
608050 267848
607443 268365
606533 268974
605543 269214
604962 269215
604050 268623
603953 268590
602953 268256
601808 267848
601036 267573
599371 266969
596900 266354
596205 266195
594205 265740
593302 265666
592778 265624
591181 266222
590139 266554
587459 266943
586917 266746
584368 266818
582429 267615
580460 268037
578205 268549
577973 268561
575973 268672
573728 268770
572701 268158
572115 267809
571520 267639
571111 267653
569581 268673
569040 268780
568273 268320
567320 267318
565854 267242
564902 267139
563449 266681
562736 266840
560796 267465
559915 267235
559342 267085
558022 267114
557530 267128
556530 267157
555076 267002
553573 267837
552477 268144
550551 268778
549812 269021
549154 269751
548679 270278
547599 271535
546999 271964
546544 272290
545482 273212
544302 273907
543407 274956
542405 276130
541600 276184
540569 275949
539987 275620
539525 275515
539143 275754
538576 276349
537656 278200
537355 279680
535867 281532
534507 281496
533926 281788
532698 282686
532423 282887
531143 283458
530733 284067
530512 284397
529421 286935
529092 287649
527105 290519
526683 291048
525496 291830
524850 292347
523022 294514
521860 295893
520672 296133
519471 296096
518295 296059
517265 296114
516342 296552
515828 297095
515922 297715
515910 298626
515434 299307
515196 299110
514722 298787
513942 298525
513360 298838
512715 298990
511936 298899
510751 298352
510652 298311
509106 297297
506117 295148
504264 293634
505833 292495
504633 290677
504306 290031
503998 289650
503806 289501
505270 288573
504103 286463
504630 285841
503290 283018
502815 283072
502630 283376
501539 283015
499974 282497
498099 282528
497867 281958
497568 281367
500561 279181
500136 278139
500694 277486
501549 276486
502217 275704
500470 274163
501240 272174
501506 270529
501607 268495
501556 267646
501497 266646
503236 264621
499709 264286
496561 263617
494477 263307
489827 262802
487654 262810
486763 262902
486613 266521
485501 265295
484377 264888
483434 262235
482130 262189
477504 262341
475626 266968
475484 268447
472939 268687
471989 268931
470745 269250
469426 270125
469480 270481
469032 271248
468345 271051
467897 271198
466947 271068
466562 271016
464158 270559
462626 270602
462407 269481
461724 268966
462830 267353
461975 266353
461919 266128
461557 266102
460846 266050
460609 266182
459657 265775
458679 265460
457951 264973
457449 264565
457386 264230
457328 263918
456813 263840
456522 263484
456482 263167
455914 263248
455442 264847
454860 264676
454447 262683
454512 262247
453401 261629
452964 261326
453280 260837
454032 260386
456078 259827
457239 259507
457778 258450
459085 258130
459734 258828
460829 258363
462517 257330
463584 256099
464433 255601
465564 255632
466938 255960
468020 256473
468564 256590
469976 255966
470265 255530
470513 254010
471133 253982
471344 253691
471039 253203
471354 252384
471576 251221
471324 250390
470715 249995
471281 248898
471664 249016
472377 249054
472759 248591
473205 247295
474089 247016
474455 246551
473625 246040
473649 244759
472668 243480
471069 242639
470462 243234
469695 242364
470509 240289
470877 239575
470109 238107
470278 237371
468985 236371
468268 236411
467567 236043
467155 234763
466561 234830
464578 233910
463493 232790
463716 232420
463372 232130
461338 232134
460917 232558
459081 232641
458959 232324
458892 232161
458472 232075
458590 231322
457743 230637
456728 231563
457073 232183
456783 232567
454566 233113
453759 232587
453718 232112
453809 231425
454348 230327
454228 229826
454042 229338
454385 228861
454011 227000
453615 226869
452742 226580
453355 226064
453662 224637
454560 224608
455190 222851
455500 221474
456176 218474
456301 217923
455892 218002
455641 217633
455743 216193
454955 215424
454355 215523
453245 215195
452821 214853
452698 212832
452258 210773
451029 210710
450841 210201
451078 209059
451670 207750
452136 207778
453136 207839
453444 207302
453709 206840
453722 206728
453841 205728
453922 205038
453353 204339
453218 203349
453640 202899
455331 203186
456296 203540
458224 203615
459027 202161
459064 201078
458575 201001
456831 200726
456841 199154
454769 198796
454396 198539
454039 198091
454407 196790
454469 196316
454600 195316
455406 195381
455735 194693
456184 194851
458176 193829
458160 193431
458148 193156
457130 192564
454941 192264
454076 191985
453827 191990
451937 191202
451843 190515
452462 189788
453719 190722
454096 190242
454883 189242
455654 188262
457158 187321
457144 187123
455441 187193
455373 186559
454620 186521
453407 187144
452470 187675
452335 186394
451041 186383
450263 187006
449816 187839
448482 187749
447517 187223
446817 187251
446238 187966
445011 188655
444347 187098
443028 187867
442156 187539
441297 187449
441128 188585
440786 189061
440416 189181
439805 187597
439276 185911
439230 184151
438212 183903
437602 183860
436704 182929
436887 182312
436858 182159
436795 181872
436226 181675
435826 181396
435090 181308
433941 181456
433228 181378
432814 180771
432219 179307
431661 177631
430959 177560
430380 177502
429227 176052
428886 175588
428154 174588
427533 174207
426555 173852
426738 173125
427396 172252
428181 172216
428545 171999
429588 171864
429998 172352
430289 172484
430685 172390
431147 172125
431411 172164
431743 172903
432074 173166
432954 173318
433289 173375
434213 173333
434967 173517
435390 173991
435932 174069
436513 173883
437136 173754
438136 173549
439985 173532
440328 173346
440485 172804
440800 171972
441275 171627
441949 171665
442830 170224
443531 170420
444229 169811
444398 168636
443870 168624
443780 167585
443520 165679
441763 165432
441353 165103
441129 163652
441161 163372
441269 162951
442537 162842
442307 162247
441594 160401
441989 160000
442286 159494
443463 157494
444411 155884
445387 156623