1          26         85         11.60        
2          85         83         30.70        
3          83         4          4.90         
4          4          84         4.50         
5          84         76         32.30        
6          76         79         18.10        
7          79         2          10.20        
8          2          80         16.60        
9          80         193        24.70        
10         193        81         3.10         
11         81         191        3.40         
12         191        200        6.60         
13         200        218        4.40         
14         200        201        1.90         
15         201        203        1.70         
16         203        204        2.00         
17         204        205        3.00         
18         205        206        2.60         
19         206        214        2.30         
20         214        207        2.10         
21         207        218        3.80         
22         193        194        3.70         
23         194        195        5.80         
24         195        196        4.50         
25         196        197        11.40        
26         197        198        3.40         
27         196        201        9.40         
28         197        181        2.50         
29         181        203        9.00         
30         198        199        4.20         
31         199        213        5.60         
32         213        204        1.00         
33         199        180        7.70         
34         84         18         35.40        
35         18         76         8.00         
36         18         78         12.00        
37         78         79         13.50        
38         78         77         30.60        
39         77         17         6.30         
40         77         3          8.80         
41         3          17         7.70         
42         17         37         22.70        
43         37         218        15.00        
44         37         209        5.60         
45         209        207        6.00         
46         209        208        9.00         
47         208        207        11.70        
48         208        32         3.30         
49         83         75         25.80        
50         75         215        0.70         
51         215        23         16.80        
52         23         183        8.60         
53         182        183        3.40         
54         183        74         19.20        
55         74         13         11.00        
56         75         85         36.00        
57         74         70         33.50        
58         70         215        45.40        
59         4          22         43.50        
60         22         67         27.40        
61         4          25         55.50        
62         25         217        20.50        
63         4          27         37.80        
64         27         76         21.30        
65         27         28         21.20        
66         28         188        33.60        
67         2          186        17.70        
68         80         188        43.80        
69         188        6          0.90         
70         6          189        5.00         
71         6          190        5.60         
72         24         72         18.00        
73         189        190        4.60         
74         194        30         2.10         
75         30         202        8.40         
76         202        196        9.60         
77         30         189        41.50        
78         190        69         16.30        
79         69         65         10.00        
80         65         40         15.20        
81         40         185        7.80         
82         185        86         23.00        
83         86         49         14.30        
84         49         60         16.60        
85         60         59         7.70         
86         59         36         7.70         
87         36         184        6.80         
88         36         64         13.70        
89         36         50         10.70        
90         50         59         11.10        
91         188        35         23.00        
92         35         68         15.90        
93         68         29         6.90         
94         29         65         15.70        
95         29         31         17.20        
96         68         217        4.40         
97         217        7          1.80         
98         7          31         13.60        
99         31         64         56.20        
100        7          67         21.40        
101        67         66         42.60        
102        66         21         19.60        
103        21         64         21.90        
104        66         19         22.40        
105        19         70         12.80        
106        70         71         12.50        
107        71         19         11.60        
108        71         72         15.00        
109        72         73         26.20        
110        72         220        24.70        
111        66         73         20.80        
112        73         47         8.50         
113        47         220        16.20        
114        20         62         2.90         
115        20         38         30.00        
116        47         5          24.40        
117        5          62         26.70        
118        62         51         51.10        
119        51         61         29.70        
120        61         5          13.10        
121        5          50         36.20        
122        50         61         26.00        
123        61         8          36.70        
124        8          52         22.00        
125        8          60         40.30        
126        8          57         40.10        
127        60         42         13.40        
128        42         57         22.90        
129        57         45         21.10        
130        45         44         37.40        
131        44         46         31.50        
132        46         9          38.00        
133        9          53         24.70        
134        53         57         9.90         
135        9          86         52.10        
136        9          10         29.30        
137        10         56         15.70        
138        56         1          28.40        
139        1          216        2.10         
140        216        46         33.70        
141        216        55         26.20        
142        55         34         5.20         
143        10         43         35.00        
144        43         40         39.50        
145        65         63         39.90        
146        63         43         26.40        
147        43         82         45.90        
148        82         15         15.40        
149        15         1          35.70        
150        1          33         37.70        
151        33         54         27.90        
152        54         12         17.70        
153        12         187        3.10         
154        187        82         2.70         
155        187        58         3.30         
156        58         48         43.60        
157        48         63         7.10         
158        48         16         13.10        
159        16         190        32.80        
160        189        39         42.50        
161        39         14         19.40        
162        14         48         25.00        
163        58         41         28.40        
164        41         14         21.90        
165        39         202        45.30        
166        11         54         20.00        
167        14         173        8.70         
168        176        175        6.10         
169        214        179        12.30        
170        179        178        8.50         
171        178        177        8.50         
172        177        176        5.80         
173        176        111        15.80        
174        111        152        24.30        
175        152        151        44.10        
176        151        94         4.80         
177        151        150        7.80         
178        150        112        15.50        
179        112        210        27.60        
180        210        170        27.00        
181        170        192        16.50        
182        192        206        6.30         
183        192        171        7.80         
184        171        172        10.70        
185        172        170        6.20         
186        210        96         2.90         
187        96         95         29.80        
188        95         169        16.80        
189        205        169        56.10        
190        150        148        32.10        
191        148        97         28.90        
192        97         110        19.30        
193        110        154        14.70        
194        154        156        4.80         
195        156        90         33.60        
196        90         221        8.30         
197        95         155        50.20        
198        155        154        5.60         
199        148        147        36.70        
200        147        146        23.90        
201        146        145        5.80         
202        145        106        15.30        
203        106        149        13.70        
204        149        110        32.50        
205        155        109        31.60        
206        109        134        22.60        
207        134        135        31.30        
208        135        136        22.30        
209        136        159        17.40        
210        98         159        2.30         
211        98         95         48.50        
212        98         174        13.90        
213        174        157        14.90        
214        157        169        31.50        
215        157        164        24.00        
216        164        165        10.90        
217        165        213        27.60        
218        164        211        14.00        
219        211        198        27.00        
220        211        166        7.00         
221        166        120        1.80         
222        166        197        26.30        
223        166        212        31.20        
224        211        212        30.20        
225        212        93         11.50        
226        93         158        31.40        
227        158        157        4.90         
228        181        173        71.10        
229        173        219        3.00         
230        219        93         53.10        
231        93         121        46.00        
232        121        163        3.30         
233        163        108        6.40         
234        108        219        27.90        
235        173        91         31.80        
236        91         140        30.40        
237        140        163        46.20        
238        140        11         13.40        
239        11         139        50.50        
240        139        92         19.60        
241        92         121        17.80        
242        139        138        30.30        
243        138        100        21.30        
244        100        162        57.30        
245        162        93         26.80        
246        93         161        41.00        
247        161        160        8.50         
248        160        99         25.80        
249        99         162        37.40        
250        99         137        27.70        
251        137        100        24.10        
252        100        87         30.40        
253        159        161        43.00        
254        136        142        41.60        
255        142        103        19.40        
256        103        160        26.60        
257        103        102        44.90        
258        102        88         15.90        
259        102        101        42.40        
260        101        137        32.00        
261        102        141        20.90        
262        141        142        24.40        
263        141        114        27.10        
264        114        115        46.40        
265        115        133        36.20        
266        133        89         12.10        
267        89         135        25.30        
268        89         134        18.30        
269        115        105        35.50        
270        105        132        20.90        
271        132        133        26.40        
272        105        168        2.40         
273        168        109        70.70        
274        168        104        17.10        
275        104        153        39.00        
276        153        149        27.20        
277        106        144        6.20         
278        144        143        32.50        
279        144        129        28.30        
280        129        128        11.40        
281        128        125        14.40        
282        125        124        20.70        
283        125        107        26.10        
284        107        130        27.00        
285        130        153        23.80        
286        153        131        23.70        
287        131        107        28.00        
288        107        167        48.00        
289        105        167        2.70         
290        167        116        51.50        
291        116        107        35.40        
292        128        126        24.80        
293        126        127        13.10        
294        107        113        44.90        
295        113        119        22.20        
296        113        117        28.80        
297        117        107        50.90        
298        117        122        21.20        
299        122        116        20.50        
300        122        123        18.50        
301        20         220        1.30         
302        221        96         14.50        
303        221        210        15.20        
304        3          32         45.40        
305        175        118        7.70         
306        131        130        12.60        
307        194        81         2.80